140.295  47.9543  148  
116.603  42.6736  148  
82.7783  50.8088  148  
63.0828  73.3587  148  
47.5262  138.011  148  
37.393  136.156  148  
35.1094  139.153  145  
46.9553  114.748  145  
59.6575  75.2141  145  
70.7897  53.235  145  
80.6375  45.3853  145  
103.045  37.1075  145  
112.179  40.2474  145  
123.454  45.0999  145  
140.01  45.3853  145  
148.145  47.3834  145  
143.863  43.6727  141  
122.312  42.5309  141  
111.18  39.1056  141  
92.1979  40.3901  141  
84.2055  42.9591  141  
84.0628  42.9591  141  
79.2103  48.3825  141  
74.7859  51.0942  141  
70.0761  55.2331  141  
66.2226  73.0733  141  
57.8021  79.0676  141  
61.0847  114.32  141  
48.2398  121.028  141  
139.153  43.8154  138  
139.01  51.3796  138  
126.023  54.9477  138  
118.459  40.6755  138  
109.039  40.3901  138  
95.7659  41.1037  138  
84.491  43.1018  138  
72.0742  53.235  138  
66.5081  57.2312  138  
63.7964  68.9343  138  
60.5138  77.4976  138  
140.152  41.3892  134  
122.027  37.9638  134  
122.027  38.1066  134  
98.7631  40.5328  134  
75.2141  49.0961  134  
64.9382  61.3701  134  
66.0799  79.4957  134  
54.6622  85.9182  134  
56.803  107.326  134  
48.8107  124.167  134  
43.8154  136.584  134  
42.2455  136.156  127  
64.3673  83.3492  127  
65.9372  67.079  127  
74.9286  52.5214  127  
89.6289  47.3834  127  
99.7621  38.5347  127  
110.038  36.2512  127  
124.31  44.8145  127  
138.725  49.0961  127  
144.148  42.2455  127  
138.582  48.2398  123  
120.742  40.5328  123  
98.0495  41.2464  123  
98.1922  41.2464  123  
76.4986  57.2312  123  
65.0809  65.9372  123  
52.3787  96.0514  123  
51.5224  116.175  123  
45.0999  137.441  123  
44.9572  121.028  119  
45.8135  134.872  119  
59.9429  73.9296  119  
79.4957  53.5205  119  
99.9049  39.8192  119  
117.031  43.1018  119  
146.147  41.8173  119  
138.011  44.2436  115  
123.311  57.6594  115  
106.327  40.6755  115  
94.9096  48.5252  115  
83.4919  46.3844  115  
70.5043  54.6622  115  
64.0818  62.9401  115  
65.3663  72.6451  115  
63.2255  80.352  115  
51.6651  88.4872  115  
48.3825  127.735  115  
46.3844  138.44  115  
125.167  46.9553  111  
95.0523  45.2426  111  
79.7812  54.8049  111  
65.7945  74.215  111  
52.6641  98.9058  111  
43.3872  117.031  111  
48.3825  137.726  111  
142.721  50.666  105  
107.326  46.9553  105  
94.3387  50.2379  105  
62.6546  73.7869  105  
54.6622  96.4795  105  
47.2407  114.177  105  
45.6708  141.009  105  
108.183  49.8097  99  
88.6299  55.0904  99  
74.0723  68.078  99  
53.8059  95.9087  99  
44.8145  126.451  99  
50.3806  138.154  99  
139.153  58.2303  91  
98.7631  61.0847  91  
73.5014  74.6432  91  
68.9343  84.0628  91  
66.6508  90.7707  91  
54.2341  101.189  91  
44.9572  129.163  91  
45.9562  139.867  91  
116.175  66.9362  85  
101.047  70.9324  85  
89.3435  70.9324  85  
87.2027  83.7774  85  
68.9343  87.4881  85  
56.9458  100.761  85  
59.372  121.028  85  
46.3844  135.871  85  
48.8107  142.436  85  
104.615  68.7916  81  
124.31  67.6499  81  
89.3435  74.215  81  
83.2065  78.9248  81  
61.3701  97.6213  81  
55.3758  122.883  81  
50.3806  126.308  81  
48.8107  139.867  81  
142.008  73.5014  74  
114.605  75.3568  74  
94.0533  82.6356  74  
72.6451  93.7678  74  
58.9439  119.029  74  
54.8049  137.012  74  
57.6594  141.009  69  
135.3  80.7802  69  
119.743  78.6394  69  
95.0523  87.6308  69  
80.0666  98.0495  69  
71.0752  105.186  69  
63.7964  118.601  69  
90.1998  134.872  69  
131.589  129.02  64  
120.599  134.158  64  
122.455  103.616  64  
121.17  87.0599  64  
105.471  92.3406  64  
83.4919  102.046  64  
72.0742  112.036  64  
73.6441  136.441  64  
